<?xml version="1.0"?>
<opencv_storage>
<calibration_time>"Tue May 10 17:49:47 2016"</calibration_time>
<nr_of_frames>22</nr_of_frames>
<image_width>640</image_width>
<image_height>480</image_height>
<board_width>7</board_width>
<board_height>5</board_height>
<square_size>50.</square_size>
<fix_aspect_ratio>1.</fix_aspect_ratio>
<!-- flags: +fix_aspectRatio +fix_principal_point +zero_tangent_dist -->
<flags>6158</flags>
<fisheye_model>0</fisheye_model>
<camera_matrix type_id="opencv-matrix">
  <rows>3</rows>
  <cols>3</cols>
  <dt>d</dt>
  <data>
    5.2852949934564765e+02 0. 3.1950000000000000e+02 0.
    5.2852949934564765e+02 2.3950000000000000e+02 0. 0. 1.</data></camera_matrix>
<distortion_coefficients type_id="opencv-matrix">
  <rows>5</rows>
  <cols>1</cols>
  <dt>d</dt>
  <data>
    1.2960762005931481e-01 -4.1561328079467191e-01 0. 0.
    3.5055751673541535e-01</data></distortion_coefficients>
<avg_reprojection_error>1.3677277569555359e+00</avg_reprojection_error>
<per_view_reprojection_errors type_id="opencv-matrix">
  <rows>22</rows>
  <cols>1</cols>
  <dt>f</dt>
  <data>
    5.03969765e+00 4.77757245e-01 2.60495275e-01 3.37303400e-01
    3.93901974e-01 3.83419007e-01 3.53846371e-01 3.34872901e-01
    2.52064198e-01 5.44714332e-01 5.75306237e-01 6.95202172e-01
    6.84687793e-01 8.12346220e-01 8.21471393e-01 8.26111555e-01
    1.12702467e-01 1.39783978e-01 2.30666742e-01 3.23555589e-01
    2.18794608e+00 2.48379421e+00</data></per_view_reprojection_errors>
<extrinsic_parameters type_id="opencv-matrix">
  <rows>22</rows>
  <cols>6</cols>
  <dt>d</dt>
  <data>
    -7.8318857137252096e-01 2.9105621999344639e-01
    5.3009584229208040e-02 3.2750067222637819e+02 1.2705513815664308e+02
    2.1386249805535408e+03 6.0713858158129674e-01
    -1.0446212362723106e-01 -7.8522270245350897e-02
    -2.2120724458121461e+02 -4.6056068911439873e+01
    8.0250500354645419e+02 3.0739931220124489e-01
    -6.7072015092179138e-02 -9.2382356356756146e-01
    -1.7923488308024741e+02 8.6734136222422805e+01
    1.0309119249754870e+03 1.8503320333574577e-01
    -1.3919118361192829e-02 -1.2368873256099740e-01
    -1.8996051412188908e+02 1.2459547781022623e+01
    7.2270166855232617e+02 1.4382766051689913e-01
    -5.7693047693540847e-02 -9.7039869774824625e-03
    -1.9086497236133118e+02 -1.0281963882576223e+02
    5.0726940650203193e+02 1.4001247576398920e-01
    -5.5158004600309812e-02 -1.0460976165306194e-02
    -1.8704157150532194e+02 -1.0482525646819242e+02
    5.0357909905948293e+02 1.2531102201269789e-01
    -6.5796259119280359e-02 -1.5983844107461745e-02
    -1.6056241927561788e+02 -9.8627112405676087e+01
    4.9033252621127650e+02 1.3883706097226839e-01
    -6.5791713544098171e-02 -1.3603039139020116e-02
    -1.6421366136367990e+02 -9.6160734054207083e+01
    5.3107595185577804e+02 1.3759169254912684e-01
    -5.8637475738631518e-02 -1.1906678065049329e-02
    -1.6545576542544569e+02 -9.5488411346689176e+01
    6.3140589206345498e+02 4.2214125484888054e-01 4.4835498054390516e-01
    -7.4776846993044455e-01 -3.1379854952749247e+02
    1.8752209647865921e+01 9.1169638951477225e+02
    -2.6479650422167222e-01 3.9903267537420722e-01
    -2.8432034770426545e-01 -2.4325221270923450e+02
    -4.2540867150923944e+01 7.9203184370651354e+02
    -2.6200095899711195e-01 -1.6990567565860615e-01
    -3.1389003872868582e-01 -2.8484343776792514e+02
    -1.4652299877405045e+02 5.3074973075744413e+02
    -6.0300156992417177e-02 -3.9277497002989104e-01
    -2.7748915995210000e-01 -1.5904969116697887e+02
    -9.4016788809993784e+01 4.7601536775173952e+02
    1.0755364682550725e-03 -5.7981845575672308e-01
    -4.5271647452330893e-02 -1.2548485972581499e+02
    -8.9171887050675849e+01 4.5766686307779520e+02
    1.0085352046612867e-01 -8.0425629839439194e-01
    -6.1768365797363819e-02 -1.5112037684014854e+02
    -1.0260919846023593e+02 4.2746112503022283e+02
    7.8234625549690351e-01 -4.3775402325071100e-01
    3.2248319958531940e-01 -1.1668439453150560e+02
    -8.1880909990287449e+01 4.7265309109198859e+02
    1.2384419351473530e-01 -3.3058301638787292e-02
    -1.0047716227865378e-02 -2.5289010257823284e+02
    -7.2429925770737199e+01 1.2198261913092076e+03
    4.1010549439236488e-02 -2.4212630816769684e-01
    8.6821928288670441e-02 -9.5668058201137137e+02
    2.0900978475397693e+02 1.9095350618852374e+03 1.9188346980778384e-01
    6.4533878379094082e-03 -7.5170639546201096e-02
    -2.0191108029940042e+02 -8.1457472186237325e+01
    7.5848730887360784e+02 3.9192387501997467e-02 4.0089154362381618e-01
    -7.9802307113210597e-02 5.7377323691994593e+02
    3.6228621926255920e+02 2.0807408782137932e+03 4.3966866153391093e-01
    3.5035028780431804e-01 -1.1725251095675908e-01
    6.6822843788358307e+02 -4.5063176894098274e+02
    2.0252795859554856e+03 2.4947630598909848e-01
    -1.6545397139032764e-01 1.2578215020243316e-01
    -7.3968028793861276e+02 -3.3855433744440120e+01
    1.9476766098659828e+03</data></extrinsic_parameters>
